id,Status_C,Status_CL,Status_D
7905,0.5871144060306465,0.07141431772420688,0.3414712762451468
7906,0.7042508662234449,0.12525592435060875,0.1704932094259462
7907,0.11556238206238206,0.1058078403078403,0.7786297776297774
7908,0.9440164873405028,0.0013568394239998247,0.054626673235497344
7909,0.6021869674290729,0.12348063109378894,0.2743324014771384
7910,0.9882816299964429,0.004874261530478983,0.006844108473077953
7911,0.9829256238364293,0.00820626176193725,0.008868114401633322
7912,0.3707988424830529,0.041863109113109115,0.5873380484038376
7913,0.06085458985458986,0.018050098050098048,0.9210953120953117
7914,0.5712865068654543,0.02015669515669516,0.40855679797785077
7915,0.6960446035446034,0.07199656824656822,0.23195882820882824
7916,0.7065198553310009,0.007240981240981241,0.28623916342801786
7917,0.4997296799061503,0.11962229437229434,0.3806480257215551
7918,0.8008370027232257,0.018902501637795756,0.18026049563897864
7919,0.39672030039677114,0.0882604155104155,0.5150192840928135
7920,0.8173980221438267,0.03765288328662963,0.144949094569544
7921,0.8657701881145718,0.011259477256109632,0.12297033462931829
7922,0.12041613941613939,0.04658754208754209,0.8329963184963183
7923,0.7252226970885187,0.0006775244299674268,0.27409977848151396
7924,0.6296391651631588,0.10184808056866877,0.2685127542681722
7925,0.006994949494949494,0.0007407407407407407,0.9922643097643099
7926,0.6011025015289719,0.013274774245362482,0.3856227242256653
7927,0.7346471495480783,0.07319116994116995,0.1921616805107517
7928,0.07658830058830057,0.060127428127428134,0.8632842712842711
7929,0.7602998531969122,0.06504621250209486,0.17465393430099313
7930,0.1629373067020126,0.09816018241018239,0.738902510887805
7931,0.7714283602942036,0.02856728473100155,0.20000435497479446
7932,0.18302247752247755,0.05021681096681098,0.7667607115107113
7933,0.6378307036101156,0.006411477411477411,0.35575781897840725
7934,0.9816568468074759,0.0006544491755503721,0.017688704016973495
7935,0.7896120235416108,0.0004941841703900218,0.20989379228799906
7936,0.9376207830908989,0.021311991722800017,0.04106722518630107
7937,0.3174095202183437,0.013805336275924512,0.6687851435057316
7938,0.9142392828118517,0.00143300114988551,0.08432771603826265
7939,0.463123107662958,0.05887028169786788,0.4780066106391741
7940,0.7239631868027349,0.11585385531409574,0.1601829578831692
7941,0.17405715852774675,0.1967820534585241,0.6291607880137291
7942,0.935541302322924,0.01354984709297715,0.05090885058409876
7943,0.1538448066095125,0.07452525252525252,0.7716299408652348
7944,0.9633964188934198,0.0040620595397728105,0.032541521566807556
7945,0.9299706394719655,0.004667702168998177,0.06536165835903651
7946,0.8335368280650721,0.06043994269374303,0.10602322924118482
7947,0.8036112651359186,0.014746031746031745,0.18164270311804967
7948,0.17796741221741216,0.05679978354978354,0.7652328042328043
7949,0.08586387686387688,0.11198962475433061,0.8021464983817925
7950,0.9833379992533179,0.003474526341276971,0.013187474405405379
7951,0.4931650517238752,0.05892088086205733,0.4479140674140675
7952,0.27223337501278677,0.06809694934694933,0.6596696756402637
7953,0.013302775655716833,0.0,0.9866972243442831
7954,0.783197821241939,0.0024761904761904764,0.21432598828187063
7955,0.31923762155157503,0.04440892985010632,0.6363534485983187
7956,0.10039535951378055,0.08515385832491094,0.8144507821613086
7957,0.9452474310819705,0.006036272009297017,0.04871629690873272
7958,0.003939393939393939,0.0033333333333333335,0.9927272727272727
7959,0.41306601731601733,0.06851414326414326,0.5184198394198394
7960,0.24054572116336834,0.05288449894332248,0.7065697798933095
7961,0.9639728872417546,0.008806040601067407,0.027221072157177832
7962,0.3056643209731445,0.012584656084656087,0.6817510229421996
7963,0.2218117654752401,0.0608051393051393,0.7173830952196206
7964,0.015222222222222222,0.0,0.9847777777777776
7965,0.9478177805889264,0.006399023803993545,0.045783195607080135
7966,0.44007582613464974,0.060239898989898975,0.49968427487545153
7967,0.9341059291410626,0.046582197403245505,0.019311873455691783
7968,0.8199639890677511,0.01818881567131229,0.16184719526093624
7969,0.4070872547931372,0.037723562098949094,0.5551891831079139
7970,0.9196525176941039,0.002212595553851921,0.07813488675204407
7971,0.9442414019180891,0.0003880245422564722,0.0553705735396543
7972,0.5086227635453643,0.17114415486474302,0.32023308158989283
7973,0.9794765715280785,0.004366403504474797,0.01615702496744685
7974,0.1459968272181894,0.11309383956829777,0.7409093332135128
7975,0.9194627953976097,0.008145743145743145,0.07239146145664697
7976,0.7884282887162144,0.0040384615384615385,0.2075332497453239
7977,0.9277817006287372,0.010995208658925473,0.06122309071233759
7978,0.007605042016806722,0.002285714285714286,0.9901092436974792
7979,0.44662943334615135,0.04319549553760079,0.5101750711162477
7980,0.7617528000322118,0.01203093203093203,0.22621626793685612
7981,0.7225631683990816,0.05964406548617075,0.21779276611474746
7982,0.6520002351783174,0.0417701980921159,0.30622956672956675
7983,0.718660890052048,0.03518832874566819,0.2461507812022838
7984,0.18534675306347134,0.0485881569410981,0.7660650899954304
7985,0.4745527109056521,0.034451921172509406,0.4909953679218383
7986,0.18516571809683266,0.14955421381737172,0.6652800680857957
7987,0.48500514953456125,0.02583100233100233,0.48916384813443653
7988,0.666321199127218,0.07172419103153047,0.2619546098412517
7989,0.9451858290880836,0.005253451887299908,0.04956071902461626
7990,0.3696461251167134,0.036252348414113116,0.5941015264691736
7991,0.023634513634513632,0.004465201465201465,0.9719002849002849
7992,0.9280470418462071,0.003266514038851719,0.06868644411494124
7993,0.7625201258436552,0.03157141007141007,0.20590846408493463
7994,0.8847731793656686,0.017799369055280043,0.09742745157905107
7995,0.7630897276090319,0.01082738712279687,0.22608288526817105
7996,0.11475158447217265,0.04571616618675442,0.8395322493410728
7997,0.9356344879441058,0.014133882352941052,0.050231629702953334
7998,0.0,0.0,1.0
7999,0.0015384615384615385,0.008166666666666668,0.9902948717948716
8000,0.6831447493770862,0.04349509375461591,0.2733601568682978
8001,0.8276681622471097,0.032874127821496235,0.13945770993139417
8002,0.323179360342673,0.08816778766469166,0.5886528519926352
8003,0.6645315147815145,0.1313332038332038,0.20413528138528142
8004,0.5151352317273371,0.0037806637806637807,0.4810841044919992
8005,0.5806712269212267,0.0744983164983165,0.34483045658045663
8006,0.7245884138051454,0.08859204609934537,0.18681954009550902
8007,0.7665268613686549,0.01898458881495374,0.2144885498163914
8008,0.962220971782355,0.012575314161037323,0.025203714056607634
8009,0.6862831581902791,0.0449202094202094,0.26879663238951185
8010,0.9720534968228242,0.007794900775786526,0.02015160240138927
8011,0.7414144370707838,0.026499424437504932,0.2320861384917112
8012,0.8294358516033118,0.008922385604970344,0.16164176279171769
8013,0.1868022026992615,0.046057500778089025,0.7671402965226495
8014,0.866431598644365,0.011796255042984012,0.12177214631265083
8015,0.9257138150453867,0.007845586210565293,0.06644059874404813
8016,0.9775545607886037,0.0036506675817165714,0.018794771629679394
8017,0.6750403119412407,0.008734265734265735,0.3162254223244937
8018,0.6168216543804781,0.02613107263107263,0.35704727298844946
8019,0.9632946173053656,0.0028584298194654634,0.033846952875168854
8020,0.6381688301493256,0.05267215377215377,0.30915901607852075
8021,0.1936615322661835,0.04216065416065416,0.7641778135731624
8022,0.13894605721076306,0.04833729777847424,0.8127166450107627
8023,0.642144496026849,0.10356834723011192,0.2542871567430391
8024,0.8216469124320785,0.011125356125356126,0.1672277314425652
8025,0.25211146942725887,0.013628889628889628,0.7342596409438512
8026,0.9674089461505275,0.004325638095658821,0.02826541575381362
8027,0.9418982202068383,0.004965064087984583,0.053136715705177036
8028,0.0767624378545431,0.016219484219484222,0.9070180779259727
8029,0.16763241388241384,0.11253692930163517,0.7198306568159508
8030,0.9104175931178834,0.004551166484235829,0.08503124039788067
8031,0.9067092252844983,0.04126496253260425,0.05202581218289747
8032,0.8992742995732124,0.01807126207126207,0.0826544383555253
8033,0.1974266381766382,0.11325624375624374,0.6893171180671183
8034,0.4423828426475484,0.040219687719687716,0.5173974696327637
8035,0.8979030919511924,0.006972847405166846,0.09512406064364048
8036,0.5883565699300607,0.3726100329124793,0.03903339715746009
8037,0.3364790673722563,0.11094279413397055,0.5525781384937729
8038,0.6435096374214022,0.045695349857114556,0.3107950127214832
8039,0.08204498551557375,0.0972687660922955,0.8206862483921307
8040,0.40937573646397174,0.13693411272823033,0.45369015080779795
8041,0.18892990949025426,0.04524385391741535,0.7658262365923304
8042,0.08231410256410256,0.06431475006475007,0.8533711473711473
8043,0.9553664497218342,0.0023526214080774083,0.04228092887008834
8044,0.1045734864264276,0.015685425685425684,0.8797410878881466
8045,0.15223541273541277,0.07423310023310023,0.7735314870314868
8046,0.8308541141999706,0.010645817145817145,0.15850006865421207
8047,0.9012598138588495,0.009417225169177944,0.08932296097197279
8048,0.8671490722481199,0.017253035483963838,0.11559789226791622
8049,0.6169883297530356,0.13255526227585052,0.2504564079711139
8050,0.5337985723426898,0.01426517273576097,0.4519362549215492
8051,0.15529364154364156,0.07972439923910513,0.7649819592172534
8052,0.936945671992618,0.050773488949024,0.012280839058357777
8053,0.09715645465645464,0.06554221704221704,0.8373013283013282
8054,0.8409873296354555,0.014041044140115349,0.14497162622442886
8055,0.5844508899539859,0.02871483077752428,0.3868342792684899
8056,0.862170118179572,0.025600810292075137,0.11222907152835264
8057,0.9394134555772854,0.0019244282962533814,0.058662116126461446
8058,0.6746237957320521,0.09708508540702018,0.22829111886092746
8059,0.7571410338027987,0.03046621896621897,0.21239274723098253
8060,0.191178621344256,0.20127475548760368,0.60754662316814
8061,0.3236442337618808,0.0622438634350399,0.6141119028030793
8062,0.24089052777288078,0.028402264402264402,0.7307072078248549
8063,0.9659730245750696,0.014087753922110513,0.019939221502819772
8064,0.015231954320189617,0.01871450118508942,0.966053544494721
8065,0.8990997307615292,0.03003067686332359,0.07086959237514698
8066,0.9040580856939975,0.03033555692070408,0.0656063573852987
8067,0.17108544720386823,0.0645154172452934,0.7643991355508382
8068,0.7936317083680461,0.04788854844589375,0.15847974318605998
8069,0.816927770913979,0.03496473488893343,0.1481074941970873
8070,0.9345702878142261,6.259446478242146e-05,0.06536711772099117
8071,0.8208153982480441,0.007850578454558464,0.17133402329739736
8072,0.9118192167004074,0.005804471619702512,0.08237631167989011
8073,0.9611064151247338,0.0013355283577562958,0.03755805651750982
8074,0.8531697805118855,0.00468013468013468,0.14215008480797953
8075,0.9456825640501537,0.010973057921116263,0.04334437802872998
8076,0.9233780923214404,0.027887218046340867,0.048734689632218706
8077,0.06207993517204044,0.06436797413113203,0.8735520906968274
8078,0.23910969001758475,0.09119938666997489,0.6696909233124404
8079,0.7415576377467293,0.0365394686472785,0.22190289360599214
8080,0.9418719611307974,0.01503591787640881,0.043092120992793796
8081,0.9595594584242739,0.0023712393055771584,0.038069302270148854
8082,0.6773725049460343,0.1184243060860708,0.20420318896789483
8083,0.22897315306525837,0.13715576090576093,0.6338710860289808
8084,0.00461952861952862,0.0022991822991822995,0.9930812890812891
8085,0.9540680329552819,0.019167778910325072,0.026764188134393095
8086,0.01919238169238169,0.0022299922299922298,0.9785776260776261
8087,0.7880862211645858,0.02616741446256312,0.18574636437285097
8088,0.39834480824186697,0.036288507788507784,0.5653666839696252
8089,0.25123210123210127,0.02569723794723795,0.7230706608206607
8090,0.0012121212121212121,0.0012121212121212121,0.9975757575757576
8091,0.9888586526902068,0.003049663468726669,0.008091683841066526
8092,0.011776556776556776,0.012103896103896103,0.976119547119547
8093,0.8715171283869366,0.061940564496037305,0.06654230711702566
8094,0.20592300836418484,0.12524539186303896,0.6688315997727761
8095,0.4961108640814522,0.10330161777220599,0.4005875181463417
8096,0.5178254804284215,0.017730632730632728,0.46444388684094556
8097,0.3462993758047938,0.02786587486587487,0.6258347493293315
8098,0.812038219434106,0.027384181396974072,0.16057759916891942
8099,0.6989181214517877,0.013223672479583467,0.28785820606862916
8100,0.0317937247937248,0.003888888888888889,0.9643173863173862
8101,0.5676669593069334,0.024506808006808007,0.4078262326862585
8102,0.6165013789386854,0.08909560156618981,0.2944030194951248
8103,0.5207217316526699,0.11306201948108348,0.36621624886624676
8104,0.5105396656720186,0.06182113772593649,0.427639196602045
8105,0.01152083102083102,0.0033333333333333335,0.9851458356458356
8106,0.9878576966208469,0.0023990067635553435,0.009743296615597577
8107,0.0034652014652014657,0.009975690975690975,0.9865591075591075
8108,0.8992399723652337,0.017471873249268022,0.08328815438549829
8109,0.8150576689106099,0.004862026862026861,0.180080304227363
8110,0.9877684792775451,0.007626063653432141,0.004605457069022962
8111,0.5347428180685375,0.15498351241883024,0.31027366951263213
8112,0.7681510662540073,0.010842592592592593,0.2210063411533999
8113,0.002962962962962963,0.013518518518518518,0.9835185185185185
8114,0.1618590021090021,0.04678066378066379,0.7913603341103339
8115,0.9137013137561933,0.014986924123636116,0.07131176212017011
8116,0.7308585488585491,0.05054686054686054,0.2185945905945906
8117,0.13642537467292667,0.02977923976608188,0.8337953855609913
8118,0.5153921217671217,0.1467836654086654,0.3378242128242129
8119,0.48110872645972963,0.08183919328766902,0.4370520802526012
8120,0.9686323588941942,0.012837896024116004,0.018529745081689572
8121,0.44742596836714493,0.11539099789099784,0.4371830337418574
8122,0.8244875692323714,0.011092192798840175,0.16442023796878855
8123,0.9952999742476321,0.0012877375548090537,0.0034122881975588992
8124,0.3091641818220765,0.10018279527490052,0.5906530229030229
8125,0.6915649225502167,0.01931788472964944,0.2891171927201339
8126,0.7765488248135306,0.00936008871302989,0.2140910864734394
8127,0.2576855807591102,0.039536662139603315,0.7027777571012864
8128,0.44300407979819767,0.06778538400597223,0.48921053619583027
8129,0.9797943079556443,0.006103536292688945,0.014102155751666536
8130,0.5530050505050503,0.08509487734487735,0.36190007215007225
8131,0.06926005476005476,0.06708569208569207,0.8636542531542533
8132,0.6418942885354539,0.10293408501138057,0.25517162645316555
8133,0.8645326184626362,0.02777479972586537,0.10769258181149866
8134,0.5907509110448338,0.07377355940600978,0.3354755295491563
8135,0.01465319865319865,0.010158730158730159,0.975188071188071
8136,0.08001224701224702,0.11112830687830687,0.8088594461094463
8137,0.37113130388130394,0.015677156177156176,0.61319153994154
8138,0.21103155450214273,0.026508954008954012,0.7624594914889029
8139,0.12086383986383983,0.022333277833277834,0.856802882302882
8140,0.7251682973885561,0.015212929593526608,0.259618773017917
8141,0.9518693167425443,0.0032069591515860897,0.044923724105869735
8142,0.815023202101339,0.17259915721852076,0.012377640680140271
8143,0.7776658258997721,0.1943962283257537,0.02793794577447441
8144,0.2669585926056514,0.06378571428571428,0.6692556931086342
8145,0.8827105040746133,0.02506320552868579,0.09222629039670088
8146,0.7838304514719066,0.009930528838137371,0.20623901968995614
8147,0.5255152821035174,0.07066605126899245,0.40381866662749016
8148,0.9299002040814218,0.005318427688905187,0.06478136822967286
8149,0.8677840310990469,0.011033571004159241,0.12118239789679419
8150,0.9629216673484664,0.004339135347366848,0.032739197304167
8151,0.169741936712525,0.031011137011137013,0.7992469262763379
8152,0.9041393115635605,0.02905637131893017,0.06680431711750912
8153,0.8104093189713671,0.03113917298287574,0.1584515080457571
8154,0.9164410358818241,0.029232987529662722,0.054325976588512986
8155,0.21726431629372805,0.10157393804452627,0.6811617456617456
8156,0.979658812134452,0.010987673862844886,0.009353514002702956
8157,0.8007019647019648,0.01274928774928775,0.18654874754874753
8158,0.9863737582841704,0.007152054889263354,0.006474186826566196
8159,0.47905445752504583,0.061686795230912875,0.45925874724404137
8160,0.5862436614718709,0.023026094276094276,0.3907302442520346
8161,0.8902827954980154,0.01728492134023177,0.09243228316175268
8162,0.19039814433932076,0.3143375109296162,0.4952643447310629
8163,0.21739043744926104,0.033175879675879684,0.7494336828748593
8164,0.9177072871006796,0.023888747153133973,0.058403965746186386
8165,0.010192113442113442,0.005212121212121211,0.9845957653457653
8166,0.6659343303755068,0.036470806970806964,0.2975948626536862
8167,0.47930886597063077,0.11611979686979683,0.40457133715957233
8168,0.732516197253594,0.012725108225108223,0.25475869452129807
8169,0.8196222733482853,0.017625134125134126,0.16275259252658053
8170,0.5274819768008624,0.11234127187455357,0.3601767513245842
8171,0.08530687830687828,0.04643939393939393,0.8682537277537274
8172,0.003761904761904762,0.0006666666666666668,0.9955714285714286
8173,0.7015539571749578,0.014500276774786578,0.2839457660502552
8174,0.930260669779209,0.0033904983748202174,0.066348831845971
8175,0.931146970906431,0.04527732528372873,0.02357570380984025
8176,0.7039790078317808,0.02402714981433517,0.2719938423538841
8177,0.25303844303844303,0.0721415888033535,0.6748199681582033
8178,0.6135934892993715,0.07693707381942677,0.3094694368812016
8179,0.5480431157362103,0.02647040772999852,0.42548647653379107
8180,0.3762707096824744,0.13023656082479607,0.49349272949272954
8181,0.2672454586883452,0.049401681651681656,0.6833528596599733
8182,0.9784064651777317,0.0007630160728102148,0.020830518749457922
8183,0.46772877122877143,0.1137824952824953,0.4184887334887334
8184,0.8125039892211241,0.015292889685176923,0.1722031210936986
8185,0.9693955444136899,0.01348204599238475,0.01712240959392527
8186,0.7819610389610391,0.03195188145188144,0.1860870795870796
8187,0.2955300606972433,0.166663932043189,0.5378060072595677
8188,0.8422713784037312,0.0034851074851074853,0.15424351411116113
8189,0.2562643119407825,0.09030149371325838,0.6534341943459588
8190,0.22449287591779854,0.189889721876564,0.5856174022056377
8191,0.9604357870891169,0.0032803928917162764,0.03628382001916683
8192,0.887737246425176,0.00884119006056585,0.10342156351425807
8193,0.9184185859457479,0.0021733097683315976,0.07940810428592035
8194,0.855776527818244,0.043541415099872194,0.1006820570818837
8195,0.8461914465291098,0.01312744435762033,0.14068110911327
8196,0.9427282322501072,0.007115634537217574,0.050156133212675244
8197,0.8041389227399864,0.014326825656612889,0.1815342516034005
8198,0.5061392311392312,0.03954280904280904,0.4543179598179599
8199,0.9622330646778111,0.019298271980711764,0.01846866334147712
8200,0.9815770811114167,0.005063687844141191,0.01335923104444206
8201,0.20038968983086627,0.03198579198579199,0.7676245181833418
8202,0.3928427563721682,0.05073108645167469,0.5564261571761571
8203,0.9538552927855509,0.005524759630315979,0.040619947584132794
8204,0.22820239020239014,0.07429247604247602,0.6975051337551337
8205,0.8955194349997163,0.012723540230929796,0.09175702476935392
8206,0.21041588041588047,0.04802667702667703,0.7415574425574428
8207,0.9745884333300147,0.003812817582838308,0.02159874908714696
8208,0.10303723944900411,0.054369630369630356,0.8425931301813656
8209,0.38310688385688385,0.04476758426758426,0.5721255318755318
8210,0.8624488869998093,0.0006820761448836841,0.1368690368553071
8211,0.5061349810034019,0.05405778996258873,0.4398072290340091
8212,0.973774239004177,0.004907661618128533,0.02131809937769445
8213,0.9725712570652175,0.005653598624099479,0.021775144310682726
8214,0.045350991600991604,0.02960884485884486,0.9250401635401632
8215,0.9560772177582514,0.015469908070241225,0.028452874171507374
8216,0.9421539091431494,0.005934908910370361,0.05191118194648018
8217,0.5905292454459121,0.032966231299564636,0.3765045232545232
8218,0.007088744588744588,0.021084852769063297,0.9718264026421921
8219,0.9242501091501089,0.02107470492470492,0.05467518592518593
8220,0.9490162145001777,0.003577779779587733,0.047406005720234644
8221,0.4448975860740567,0.03811712361712362,0.5169852903088196
8222,0.3743743756243757,0.029700244200244197,0.5959253801753801
8223,0.6668640838346724,0.09921826321826321,0.23391765294706474
8224,0.5977698891808799,0.07400587375587375,0.3282242370632465
8225,0.2613996863702745,0.08136977836977839,0.6572305352599468
8226,0.005031746031746031,0.0011111111111111111,0.9938571428571428
8227,0.9446549581241506,0.007630213273162091,0.047714828602687075
8228,0.8316477956425744,0.014481536725519906,0.1538706676319057
8229,0.2513821788233553,0.07928236850295674,0.6693354526736878
8230,0.5691600271360335,0.08626614954246532,0.3445738233215014
8231,0.8417175414547674,0.06397432123162049,0.09430813731361176
8232,0.5001212571971086,0.041932151182151184,0.45794659162074036
8233,0.11760777185777187,0.017952380952380952,0.864439847189847
8234,0.9861873954703714,0.004608508476118657,0.009204096053509735
8235,0.3277377393847983,0.046623560535325244,0.6256387000798764
8236,0.2096317298246163,0.040159951159951156,0.7502083190154326
8237,0.896118196201,0.010762479715764467,0.09311932408323546
8238,0.38971488123732706,0.009875328375328375,0.6004097903873443
8239,0.0656797091797092,0.06554314204314204,0.8687771487771486
8240,0.7370721961812503,0.06485617422599828,0.19807162959275137
8241,0.08283685214567568,0.041722943722943724,0.8754402041313806
8242,0.6636841178973533,0.04282216367510485,0.293493718427542
8243,0.47285498687956,0.1308477449670374,0.3962972681534027
8244,0.9373895371183215,0.0008314731375074454,0.061778989744170815
8245,0.8957314623811131,0.01666321718610919,0.08760532043277769
8246,0.6749710882799118,0.0401943796943797,0.2848345320257085
8247,0.9494313455476188,0.015605628424549316,0.034963026027831905
8248,0.9872016299919614,0.0031248965835602976,0.009673473424478244
8249,0.7661198721203795,0.015878879454360978,0.2180012484252593
8250,0.8780566224606474,0.046964835194795856,0.07497854234455639
8251,0.7051704091115856,0.017460086210086212,0.27736950467832816
8252,0.6310471122158428,0.038974876974876976,0.3299780108092801
8253,0.8947069665661269,0.010533338431228646,0.09475969500264429
8254,0.7507587161443185,0.02452623500550809,0.22471504885017335
8255,0.43869395201748146,0.1974460381666264,0.3638600098158922
8256,0.5156386396254817,0.10368717393717396,0.38067418643734446
8257,0.9210533593643081,0.030784300587588593,0.048162340048102985
8258,0.1527651885151885,0.03638631738631738,0.8108484940984941
8259,0.07604839604839606,0.0635182225182225,0.8604333814333813
8260,0.9632757752866085,0.01181026557199979,0.02491395914139153
8261,0.7416515275162446,0.036529211955955515,0.2218192605277999
8262,0.7171827603782553,0.01703396673649838,0.26578327288524606
8263,0.8927291209515751,0.027359557677839732,0.07991132137058535
8264,0.7956844861436075,0.003415810898307518,0.20089970295808465
8265,0.7137569685734296,0.030417639878119573,0.25582539154845096
8266,0.0006060606060606061,0.0,0.9993939393939394
8267,0.9260783875932871,0.018281407009762204,0.055640205396950825
8268,0.7719112355978404,0.04789425138215681,0.18019451302000283
8269,0.9616360414507723,0.007723477722399959,0.030640480826827812
8270,0.6963512640610164,0.04182384282384283,0.2618248931151408
8271,0.9441770048890296,0.01452323781673152,0.041299757294239056
8272,0.9673561930033192,0.0003388466536410442,0.032304960343039986
8273,0.8703607334694292,0.015454045954045951,0.11418522057652493
8274,0.7399551855434209,0.02943014393014393,0.2306146705264353
8275,0.20722398788575258,0.08973543667661313,0.7030405754376342
8276,0.30883590211531387,0.05282967032967033,0.6383344275550159
8277,0.9326526218879161,0.010138273491214668,0.057209104620869325
8278,0.8462073436218812,0.03631926620645156,0.11747339017166716
8279,0.7624695143615893,0.015707070707070708,0.22182341493133995
8280,0.01205146705146705,0.03787349687349686,0.9500750360750359
8281,0.5814937831919256,0.11489621816092402,0.3036099986471504
8282,0.9455025428909198,0.024133928313576376,0.030363528795503716
8283,0.7857138419305258,0.01826186792558474,0.1960242901438893
8284,0.9417294006781984,0.017976324329265506,0.04029427499253605
8285,0.07735779960779961,0.024798100048100048,0.8978441003441003
8286,0.9958630462834145,0.0004908944148195259,0.003646059301765726
8287,0.7323912376601976,0.014640311396222383,0.2529684509435798
8288,0.9889567514958325,0.0013007895518720735,0.009742458952295321
8289,0.504634139281198,0.012572390572390573,0.48279347014641133
8290,0.291402393902394,0.03443937543937544,0.6741582306582304
8291,0.5026137241671297,0.036321983571983574,0.46106429226088685
8292,0.7294845802345803,0.06536020461020463,0.20515521515521515
8293,0.8843935548863264,0.000573494835741754,0.11503295027793208
8294,0.971878586978883,0.004832120784837029,0.023289292236279988
8295,0.9903217373910747,0.006059013435898856,0.003619249173026318
8296,0.5599684019684019,0.09745404595404596,0.34257755207755214
8297,0.8647888134306158,0.0037339299066101094,0.13147725666277446
8298,0.9843018245303493,0.005746513022693482,0.009951662446957232
8299,0.8303574034180008,0.01941183162255294,0.15023076495944632
8300,0.9326879756633069,0.0047043259550031725,0.06260769838169003
8301,0.6304649914355794,0.024535066785066784,0.34499994177935345
8302,0.3186871646871647,0.10986335886335886,0.5714494764494765
8303,0.9007076871514944,0.01364664938731306,0.08564566346119272
8304,0.0016666666666666668,0.009447885447885447,0.9888854478854477
8305,0.8632642536197017,0.006446284355590098,0.13028946202470823
8306,0.8905382343480404,0.012304258560169546,0.09715750709179019
8307,0.11157385207385208,0.00784126984126984,0.8805848780848778
8308,0.868251784068229,0.002413919413919414,0.12933429651785167
8309,0.19171785893844723,0.03799309024309024,0.7702890508184626
8310,0.8663199337834372,0.022891515891515894,0.11078855032504666
8311,0.9225367232193796,0.004601081077380626,0.07286219570323975
8312,0.8350984840979407,0.0687625529890522,0.09613896291300703
8313,0.9785518614353742,0.00785436008158642,0.013593778483039415
8314,0.9911419601127139,0.0012975816612392824,0.007560458226046657
8315,0.8054448735210481,0.05958134570544872,0.13497378077350303
8316,0.9377397881468935,0.017876401150927583,0.04438381070217895
8317,0.5826570975320977,0.10662013286277991,0.31072276960512246
8318,0.562851959118597,0.08161256534045282,0.3555354755409501
8319,0.016408730158730157,0.0358056573056573,0.9477856125356126
8320,0.8978468982218368,0.03782305419901933,0.06433004757914375
8321,0.6804685205861679,0.04603518703518703,0.2734962923786453
8322,0.499003278713031,0.07292464561582208,0.42807207567114686
8323,0.0031746031746031746,0.0011111111111111111,0.9957142857142858
8324,0.08572280497280499,0.04092087542087541,0.8733563196063194
8325,0.9947523108116466,0.002847965437670462,0.002399723750682722
8326,0.988971813661258,0.005034605041717949,0.005993581297024023
8327,0.9569127945323854,0.016740846934111504,0.026346358533503096
8328,0.12737503237503237,0.0057777777777777775,0.8668471898471897
8329,0.9526359727878698,0.01768173030317087,0.02968229690895957
8330,0.4212706977118742,0.06705874517639221,0.5116705571117335
8331,0.8079387207316224,0.010113434323550668,0.18194784494482705
8332,0.45547642360219726,0.1327907936719856,0.41173278272581687
8333,0.8231843619037285,0.0,0.17681563809627157
8334,0.7462957973685529,0.009698868383078908,0.2440053342483683
8335,0.9369853376738912,0.012050914180620416,0.050963748145488444
8336,0.37849369149369144,0.08384691818902344,0.5376593903172854
8337,0.5264550174054816,0.03606164206164206,0.43748334053287624
8338,0.9630752481315497,0.0006638315312051088,0.036260920337245144
8339,0.4722055939702998,0.06791692838751662,0.4598774776421835
8340,0.911178083710047,0.025958791622880915,0.0628631246670718
8341,0.9154926181744035,0.029723044327663248,0.05478433749793354
8342,0.985203302228483,0.0056050366266250755,0.009191661144891903
8343,0.6734567634568213,0.017324763363255117,0.3092184731799238
8344,0.06930573130573131,0.052404785845962316,0.8782894828483063
8345,0.9595670716592618,0.001952001006527088,0.03848092733421127
8346,0.617519950437133,0.039677328519433785,0.3428027210434332
8347,0.45540538586513823,0.11446909245438654,0.43012552168047535
8348,0.3412998979577927,0.11283978058978057,0.5458603214524268
8349,0.9117006919244244,0.003074586540754887,0.08522472153482048
8350,0.7209678609698219,0.007106128439461773,0.27192601059071647
8351,0.5514810820987293,0.016226933197521432,0.4322919847037493
8352,0.8830023817919482,0.004173426429337417,0.11282419177871435
8353,0.08044031894031893,0.018934343434343436,0.9006253376253375
8354,0.03104778554778555,0.027366744366744366,0.9415854700854701
8355,0.9941953378569148,0.004010554522184248,0.0017941076209009306
8356,0.6507378705172824,0.014534493284493282,0.33472763619822454
8357,0.17037049987049985,0.012296536796536795,0.817332963332963
8358,0.009407629407629408,0.05138903688903689,0.9392033337033336
8359,0.9937749614533387,0.0011182170669129326,0.005106821479748422
8360,0.9063873299428049,0.01906726560551702,0.0745454044516781
8361,0.4900046606586853,0.029969817219817223,0.48002552212149746
8362,0.8428094060178533,0.04655850975416798,0.11063208422797868
8363,0.44004463822497875,0.028005339975928203,0.5319500217990931
8364,0.9628808084972899,0.014109000429104885,0.023010191073605277
8365,0.6354224553069091,0.011994949494949494,0.3525825951981414
8366,0.5983771495389141,0.027867854367854362,0.37375499609323143
8367,0.6445958762440083,0.05815098367645058,0.2972531400795407
8368,0.9284090794837719,0.017923992193954023,0.05366692832227422
8369,0.445704484370119,0.022071452512628986,0.5322240631172519
8370,0.7058213377036905,0.006532046384987562,0.28764661591132185
8371,0.7437290668567756,0.020529982687877424,0.23574095045534682
8372,0.0015555555555555557,0.0007407407407407407,0.9977037037037038
8373,0.057331437081437085,0.03992784067784067,0.9027407222407222
8374,0.3215313580754758,0.03787273184332007,0.6405959100812042
8375,0.9649727114770438,0.010859539045056415,0.02416774947789978
8376,0.3079800398832907,0.05691492929728224,0.635105030819427
8377,0.5234475339475341,0.08393310393310395,0.39261936211936205
8378,0.8319972855601543,0.018287169257238934,0.14971554518260685
8379,0.9133233758451959,0.0026976753771488053,0.08397894877765545
8380,0.7562737173213011,0.011515885673780412,0.23221039700491852
8381,0.8800030332485996,0.08998824934293849,0.03000871740846204
8382,0.8783105085853511,0.007574099830010817,0.11411539158463806
8383,0.8411767414267414,0.012402458652458651,0.1464207999207999
8384,0.9869071386683111,0.0009937260014464624,0.012099135330242398
8385,0.13220719204542736,0.08361871080988727,0.7841740971446857
8386,0.34522896928779284,0.03276645576645577,0.6220045749457512
8387,0.9961470119712663,0.0005538165551604691,0.00329917147357328
8388,0.6211405098169804,0.0432967032967033,0.3355627868863163
8389,0.524825886531769,0.09470048361224828,0.38047362985598276
8390,0.0689628057128057,0.04114052614052614,0.8898966681466682
8391,0.7055314266343679,0.015420616420616422,0.2790479569450159
8392,0.9093756522238531,0.020876250003321828,0.06974809777282502
8393,0.9630089939492745,0.014316143196631437,0.022674862854093838
8394,0.5423198474102731,0.07380904607375195,0.3838711065159752
8395,0.3293120594002947,0.04048162948162948,0.6302063111180758
8396,0.8332967426289973,0.04032375229078086,0.12637950508022175
8397,0.9658057133171645,0.0014819630361682524,0.032712323646667284
8398,0.972767409494806,0.002638688326452195,0.02459390217874173
8399,0.7888261901147927,0.06638900323530474,0.1447848066499028
8400,0.009306064306064305,0.006623931623931624,0.984070004070004
8401,0.3852608515895109,0.1350107490548667,0.47972839935562234
8402,0.16602848122136768,0.04742572405807699,0.7865457947205554
8403,0.10258984425160894,0.16928675028675025,0.7281234054616407
8404,0.7250016130772433,0.03063335357453005,0.2443650333482267
8405,0.09314972064972066,0.020277574277574276,0.8865727050727054
8406,0.823979948457937,0.01197089947089947,0.1640491520711637
8407,0.9417472085765547,0.011086642974984445,0.04716614844846081
8408,0.6782375560169674,0.03221212121212121,0.289550322770911
8409,0.06577063132945485,0.032082519332519335,0.9021468493380257
8410,0.48761750558809364,0.1465821384497855,0.3658003559621208
8411,0.8699430578553713,0.010446314082409657,0.1196106280622189
8412,0.11542077639136461,0.07860848302024771,0.8059707405883875
8413,0.0060873015873015865,0.02772943722943723,0.966183261183261
8414,0.9647760065849786,0.004383584714384689,0.030840408700636573
8415,0.8232719669619799,0.009937819220437532,0.16679021381758247
8416,0.9455257801433681,0.029234231289694577,0.02523998856693738
8417,0.5092099937099935,0.010265031265031265,0.48052497502497504
8418,0.8163411774363785,0.018177213927213925,0.16548160863640737
8419,0.13289226514226513,0.051286676286676276,0.8158210585710585
8420,0.6503263397822221,0.0016666666666666668,0.34800699355111114
8421,0.20268320741279555,0.10249658674658677,0.6948202058406175
8422,0.9435371109496153,0.0021467174464061363,0.05431617160397882
8423,0.793787017215589,0.02506648906648907,0.18114649371792224
8424,0.5749433398845162,0.06942263836381483,0.35563402175166875
8425,0.7680650916564229,0.015487505958094196,0.2164474023854828
8426,0.054529368779368766,0.056833916083916095,0.8886367151367149
8427,0.454968011281089,0.08335349692348967,0.46167849179542114
8428,0.9595797267412155,0.0010597958295393082,0.03936047742924529
8429,0.9819416100704541,0.0004284404463794154,0.017629949483166114
8430,0.8816082573859573,0.05752854070245373,0.06086320191158902
8431,0.2572009213982898,0.04938357938357938,0.693415499218131
8432,0.5151932247032865,0.10405346680037081,0.3807533084963425
8433,0.7755230995158104,0.059427261244013166,0.1650496392401763
8434,0.0920423492629375,0.10750165031047386,0.8004560004265886
8435,0.921610567965663,0.0034802656506596813,0.07490916638367744
8436,0.79962211183496,0.020117197617197616,0.18026069054784224
8437,0.05338158138158138,0.007137566137566137,0.9394808524808527
8438,0.9589983509968398,0.013455885712776323,0.027545763290383635
8439,0.5126683039183041,0.08718971768971769,0.40014197839197846
8440,0.7794195804195803,0.07177525252525252,0.148805167055167
8441,0.42745412321882914,0.023982344452932684,0.5485635323282384
8442,0.9377235938684013,0.01614414142025696,0.04613226471134166
8443,0.920891094545414,0.004917267320785298,0.07419163813380063
8444,0.903959897891335,0.04382955367319402,0.0522105484354708
8445,0.9954783416270925,0.0006030801829630543,0.0039185781899442355
8446,0.7371060946985843,0.01422753898344997,0.2486663663179657
8447,0.07972626066743714,0.0762343103519574,0.8440394289806054
8448,0.9400346573323622,0.000496506986027944,0.05946883568160968
8449,0.39612399582987823,0.0880200632700633,0.5158559409000586
8450,0.6811155667880172,0.047254301587123,0.2716301316248599
8451,0.9142893566682698,0.020683231327202012,0.06502741200452801
8452,0.984224244222753,0.0051395016665459125,0.01063625411070105
8453,0.8575367454183243,0.020056304806304805,0.12240694977537082
8454,0.640638304453295,0.011843082843082843,0.3475186127036221
8455,0.3413005605505605,0.05553896103896103,0.6031604784104784
8456,0.5357173670556024,0.030668553668553665,0.43361407927584394
8457,0.8763099462342047,0.010845191845191846,0.11284486192060332
8458,0.47889100781685945,0.20449007117753246,0.3166189210056085
8459,0.9655940081842734,0.011089479649798607,0.02331651216592813
8460,0.9360324596972852,0.03163103659632553,0.032336503706389436
8461,0.15329319754319756,0.057947607947607956,0.7887591945091944
8462,0.9619812122356904,0.001756761836682789,0.03626202592762677
8463,0.4189995413083649,0.02711995956113603,0.553880499130499
8464,0.8361054661635887,0.05080282181939869,0.11309171201701244
8465,0.39090695578930884,0.04014063061121885,0.5689524135994727
8466,0.7587103033132443,0.04840112937171761,0.1928885673150379
8467,0.9766048471947226,0.004021597439049045,0.019373555366228104
8468,0.30685346244169776,0.05136781736781736,0.6417787201904847
8469,0.15898748800219387,0.040176834059187,0.8008356779386192
8470,0.6626460946460948,0.048550033300033296,0.2888038720538721
8471,0.956284469824187,0.013420465772178885,0.03029506440363372
8472,0.769787044874191,0.03430428626778617,0.19590866885802272
8473,0.9615066300564993,0.02125778234706289,0.017235587596437684
8474,0.8513448022861719,0.05773291127971509,0.09092228643411261
8475,0.23422941726889093,0.04085064156116788,0.7249199411699411
8476,0.9389610349503259,0.019455158145113484,0.041583806904560476
8477,0.6196652188531717,0.05815398818180533,0.32218079296502283
8478,0.7657050388654519,0.05015019145001587,0.18414476968453214
8479,0.9491752729499294,0.027159700584760187,0.02366502646531025
8480,0.9457677869295437,0.021929849258941692,0.03230236381151448
8481,0.9874420801672261,0.005009886487304244,0.007548033345469731
8482,0.32774505233328755,0.04207102320337614,0.6301839244633357
8483,0.15776364376364377,0.049514097014097015,0.7927222592222594
8484,0.9381467087141983,0.003038487294398282,0.05881480399140344
8485,0.9898911486389053,0.003925635949374303,0.006183215411720276
8486,0.12729274429274431,0.018932641432641437,0.8537746142746145
8487,0.640353304103304,0.030346634846634846,0.329300061050061
8488,0.979371079473564,0.0011373793832953683,0.019491541143140587
8489,0.4821012506012507,0.12751839826839828,0.39038035113035113
8490,0.1367292732493971,0.021171329158171267,0.8420993975924315
8491,0.222317257790942,0.03880337255337255,0.7388793696556855
8492,0.7883842823842826,0.027220779220779222,0.1843949383949384
8493,0.6935028369369288,0.020380952380952378,0.28611621068211884
8494,0.730559307339468,0.05302508099721722,0.21641561166331466
8495,0.7946470572374831,0.04108772708772709,0.1642652156747901
8496,0.8849159312355566,0.01220358797024596,0.10288048079419759
8497,0.9395259158336767,0.0007997982645177653,0.05967428590180565
8498,0.19051588893848959,0.037801821272409504,0.771682289789101
8499,0.9404541645750206,0.0028623671182781054,0.0566834683067011
8500,0.8066100261471635,0.042417971400580096,0.1509720024522565
8501,0.6605534575539196,0.04145303899976798,0.29799350344631254
8502,0.12301542901542901,0.013732267732267732,0.863252303252303
8503,0.8004747540041658,0.028905384375972617,0.17061986161986162
8504,0.09775187122245946,0.009405372405372404,0.8928427563721683
8505,0.9624709653913693,0.0037703566485385296,0.033758677960091965
8506,0.9870546971410253,0.00033087474389111325,0.012614428115083457
8507,0.8463719818630874,0.007368012544253447,0.14626000559265936
8508,0.8255153732191742,0.037430921633453275,0.1370537051473725
8509,0.9509764660521216,0.014721445600640684,0.03430208834723783
8510,0.6237739008907093,0.154328113209316,0.2218979858999749
8511,0.8449632866439609,0.031326482510167834,0.12371023084587139
8512,0.03328835978835979,0.005354090354090354,0.96135754985755
8513,0.3693257363551481,0.1092106031223678,0.521463660522484
8514,0.13574579124579123,0.02716089466089466,0.8370933140933139
8515,0.8529587483116631,0.020340662751277275,0.12670058893705963
8516,0.12319442886548146,0.041968275389328034,0.8348372957451904
8517,0.5312595388797213,0.049553849745026204,0.4191866113752523
8518,0.5533362568803747,0.11858586130644953,0.32807788181317593
8519,0.3792848991966639,0.08676352623411447,0.5339515745692216
8520,0.9713955843852847,0.013715318947098598,0.014889096667616428
8521,0.9287542025522384,0.002889231471965285,0.06835656597579615
8522,0.8367738955699451,0.05591544764333514,0.10731065678671944
8523,0.13672821622821624,0.005195193695193695,0.8580765900765897
8524,0.9016940435005868,0.07045512574974422,0.02785083074966876
8525,0.44214580448790985,0.007931290931290932,0.5499229045807993
8526,0.9760841913223717,0.0005528095887219409,0.023362999088906263
