id,Status_C,Status_CL,Status_D
7905,0.6725531563703365,0.06035979748635112,0.26708704614331236
7906,0.7848021153227204,0.06848048186032239,0.14671740281695725
7907,0.16753123956653365,0.028884347678465327,0.803584412755001
7908,0.9498522941160081,0.010867948841931123,0.039279757042061283
7909,0.6254772185002399,0.059674510496993044,0.3148482710027671
7910,0.9648855053118351,0.007930879880880315,0.027183614807285133
7911,0.9619341501945162,0.008800186951667337,0.029265662853816612
7912,0.4161373734793623,0.03754686370613976,0.5463157628144978
7913,0.01790881259925671,0.02217121353591942,0.9599199738648238
7914,0.6871570732853829,0.0148553737502819,0.2979875529643354
7915,0.7018329364248156,0.04939572846272336,0.24877133511246063
7916,0.6900939073986107,0.016878756577148716,0.29302733602424036
7917,0.4839864743511575,0.11395066280323943,0.4020628628456033
7918,0.7881889634031668,0.015169495297485227,0.19664154129934777
7919,0.3885012066471628,0.050550060011689865,0.5609487333411471
7920,0.8312014167062884,0.027817253762729425,0.14098132953098175
7921,0.8841694654463574,0.01978927644484174,0.09604125810880115
7922,0.14980974320826873,0.04432736834214408,0.8058628884495874
7923,0.8050666863547582,0.003967399215993416,0.19096591442924848
7924,0.5642376091573645,0.10808155343833668,0.3276808374042988
7925,0.00829401579187202,0.0057049544418406395,0.9860010297662872
7926,0.6064389801076272,0.01704367230356032,0.37651734758881245
7927,0.6492751730525814,0.10213004738489102,0.2485947795625275
7928,0.11560340998288453,0.0654056327450703,0.818990957272045
7929,0.8266585625186852,0.036823604803201744,0.13651783267811324
7930,0.19176349095769504,0.10735686759504198,0.700879641447263
7931,0.7877887935892468,0.026232912757780065,0.185978293652973
7932,0.1568338960965173,0.02883743876769224,0.81432866513579
7933,0.6223645194379247,0.02211401897194054,0.35552146159013487
7934,0.9600620957757534,0.00653108134520663,0.033406822879040725
7935,0.8815528184858646,0.009261354567563607,0.10918582694657199
7936,0.9218285373821348,0.01380698643909692,0.06436447617876853
7937,0.4724353784855098,0.03431231441278388,0.49325230710170626
7938,0.9379912511475912,0.009709823892656793,0.05229892495975216
7939,0.4712722679616873,0.08880831514000849,0.4399194168983042
7940,0.6754421210135007,0.10815316430373434,0.21640471468276493
7941,0.14174342629538209,0.10633837313354029,0.7519182005710776
7942,0.9210098003119077,0.016853328930534667,0.06213687075755807
7943,0.17108535083976198,0.06836720814927326,0.7605474410109648
7944,0.9580542872600543,0.0058670672558700085,0.03607864548407632
7945,0.909310397773819,0.011335433479448397,0.07935416874673269
7946,0.8820653390284493,0.023648075089658903,0.09428658588189166
7947,0.7373280746632149,0.010140888191215787,0.2525310371455692
7948,0.167138110144482,0.0480757027579958,0.7847861870975221
7949,0.13624973532589374,0.10750572904998518,0.7562445356241213
7950,0.9238190630456793,0.015577624251950629,0.06060331270237018
7951,0.6632870233273844,0.07599930680173216,0.2607136698708836
7952,0.2082834531839926,0.07342616934669378,0.7182903774693135
7953,0.042682092525485625,0.003662937820881892,0.9536549696536323
7954,0.7688105793955625,0.012083355024919633,0.21910606557951762
7955,0.326244712172415,0.052147231850114856,0.6216080559774698
7956,0.054570456688003935,0.06638009946729656,0.8790494438446995
7957,0.9314578957968769,0.007412145773528859,0.06112995842959467
7958,0.012517181884409822,0.0036328895351979266,0.9838499285803922
7959,0.41926827986064835,0.061243217036392975,0.5194885031029587
7960,0.25630789934919074,0.02723622319393518,0.7164558774568737
7961,0.9350075117967345,0.012261906603812009,0.05273058159945377
7962,0.32749557424568915,0.022658798554729104,0.6498456271995817
7963,0.2039773419795955,0.04759982480361677,0.7484228332167875
7964,0.02218085709259418,0.005479689265828327,0.9723394536415776
7965,0.9270359559647181,0.018823083445851152,0.054140960589430784
7966,0.5213328181871086,0.03714771745675773,0.44151946435613365
7967,0.9219232886603135,0.025748821276990505,0.0523278900626962
7968,0.8755237682435391,0.010193615819440246,0.11428261593702116
7969,0.43549861065422213,0.04870648981940685,0.5157948995263711
7970,0.9258169786861401,0.003968476876080664,0.07021454443777932
7971,0.949146673624723,0.0056037597071019185,0.045249566668175985
7972,0.4895706530920833,0.12684700856717213,0.38358233834074473
7973,0.9519111417003743,0.010896185489877884,0.03719267280974813
7974,0.20135120294842043,0.12489785822732986,0.6737509388242497
7975,0.860145638145367,0.012116377088559902,0.12773798476607243
7976,0.6847176937692379,0.008437277987024846,0.3068450282437372
7977,0.8866590984775865,0.018329885197241054,0.09501101632517239
7978,0.031020910028558297,0.021886142109596895,0.9470929478618448
7979,0.4379298608184878,0.05263703463061486,0.5094331045508973
7980,0.7660878845577095,0.024040159461082674,0.20987195598120778
7981,0.7034756041356057,0.0678455251534587,0.22867887071093548
7982,0.7833839090948332,0.01998953755648155,0.1966265533486856
7983,0.7896110782110544,0.02834987637142574,0.18203904541751978
7984,0.18477077958095936,0.04759759379767349,0.7676316266213671
7985,0.4350070304650636,0.035594029528345346,0.5293989400065907
7986,0.13623033501202422,0.13299411677312956,0.7307755482148461
7987,0.5471740133804356,0.015600032655078528,0.437225953964486
7988,0.7132106370005242,0.027639521986829348,0.2591498410126467
7989,0.9216525026484974,0.013215441558543733,0.0651320557929588
7990,0.8214632225137369,0.00744831638194477,0.1710884611043184
7991,0.05124301689179378,0.017637951129173088,0.9311190319790332
7992,0.9460149427074422,0.008464869099737676,0.045520188192820686
7993,0.8300010544160046,0.01245479854995313,0.1575441470340424
7994,0.8928154177861597,0.01781231025209024,0.0893722719617499
7995,0.7832104484519082,0.022802831482130383,0.19398672006596157
7996,0.1436156724102618,0.07865514698798978,0.7777291806017487
7997,0.9192013110072814,0.023223881077127563,0.057574807915591074
7998,0.008777343343433906,0.0037708733142981636,0.9874517833422677
7999,0.0066246360538001585,0.01839194772902382,0.974983416217176
8000,0.859564231869886,0.03203322365358993,0.10840254447652413
8001,0.7775440102583674,0.026797557196192267,0.19565843254544033
8002,0.32738690116838587,0.08455813577305205,0.588054963058562
8003,0.6641616387098805,0.10316114453711528,0.23267721675300398
8004,0.6481390273271422,0.013773973082127794,0.3380869995907301
8005,0.7358867960424335,0.03593137880760744,0.22818182514995883
8006,0.7269693093585616,0.07931372602600281,0.19371696461543578
8007,0.911340461104553,0.012995199805383849,0.07566433909006307
8008,0.95236256139484,0.014153786874807386,0.033483651730353274
8009,0.7486108395155584,0.03839009301370664,0.21299906747073485
8010,0.9189330561462136,0.028867650896411925,0.05219929295737466
8011,0.7718629386171072,0.024489623044507757,0.20364743833838486
8012,0.893834762975919,0.01631576838548134,0.08984946863859998
8013,0.2477761842735732,0.023882800168862156,0.7283410155575646
8014,0.8296778971107113,0.03311025773808381,0.13721184515120508
8015,0.9431489162277548,0.009224063679597357,0.047627020092648534
8016,0.9666101348290697,0.008013530720434701,0.025376334450495693
8017,0.7234785086779967,0.010351987376668773,0.26616950394533473
8018,0.4874311129833829,0.02869705436370047,0.4838718326529168
8019,0.9658386110440532,0.0063960378135262085,0.027765351142421183
8020,0.6122103986051757,0.040652422703953896,0.3471371786908706
8021,0.16096424727734923,0.03418760824582139,0.8048481444768294
8022,0.21161134431682505,0.04430273789288119,0.744085917790294
8023,0.6525695181337987,0.073116721708633,0.27431376015756825
8024,0.8442403694388216,0.010018122862239477,0.14574150769893882
8025,0.2112378285872583,0.017993868874997248,0.7707683025377443
8026,0.9410241126144634,0.011034909009200958,0.04794097837633606
8027,0.9358567459092391,0.006986112370499133,0.057157141720262
8028,0.05726972142875748,0.04232248136902776,0.9004077972022145
8029,0.1027825385343872,0.06163984165030647,0.8355776198153064
8030,0.967691950897414,0.0048122960550885455,0.02749575304749793
8031,0.8856052431391576,0.025462313634440573,0.08893244322640168
8032,0.8751047725105097,0.015250747172064368,0.10964448031742575
8033,0.1281357404105089,0.10220152073103457,0.7696627388584563
8034,0.4567943708700182,0.03797655959928042,0.5052290695307016
8035,0.9323148999324744,0.006294385034783833,0.06139071503274192
8036,0.7973687940868566,0.1612353700105991,0.041395835902544975
8037,0.24630555352447517,0.07996070140362573,0.6737337450718988
8038,0.7390547934404746,0.03772910991422778,0.22321609664529785
8039,0.04778550866834353,0.08925854729199732,0.8629559440396594
8040,0.47238579453888774,0.09976782170964082,0.4278463837514713
8041,0.23692074319362558,0.04968524594048186,0.7133940108658924
8042,0.07631068431499156,0.027804439325207517,0.8958848763598007
8043,0.9076237851484128,0.010458753027323195,0.08191746182426417
8044,0.07322014251518208,0.0175260922746196,0.9092537652101983
8045,0.17577052873573387,0.06565183409495369,0.7585776371693123
8046,0.8340888874954652,0.007118269788890708,0.15879284271564395
8047,0.9057025345809994,0.014214263178878112,0.08008320224012244
8048,0.8618963018064311,0.03347766604088782,0.1046260321526813
8049,0.6620849165779247,0.10077797836728507,0.23713710505479044
8050,0.5133914692001623,0.015350562049688928,0.47125796875014886
8051,0.15159206465175443,0.06283278885004882,0.7855751464981966
8052,0.9618113855207433,0.009828910713748237,0.028359703765508743
8053,0.12081282406761452,0.08131876247507025,0.7978684134573153
8054,0.7841711748736291,0.009172320631258297,0.20665650449511302
8055,0.4838102262562966,0.03408179318031437,0.48210798056338916
8056,0.8702665351438666,0.022512089743296243,0.10722137511283675
8057,0.9089619988485403,0.011887423018466592,0.0791505781329933
8058,0.8387630899308033,0.031232159629364098,0.13000475043983234
8059,0.6915451220185793,0.031690214971171936,0.2767646630102488
8060,0.16165339481304858,0.19389241999587306,0.6444541851910783
8061,0.334786818691532,0.054307959725171315,0.6109052215832969
8062,0.21954807103510476,0.04244710935489614,0.7380048196099992
8063,0.9466169691252734,0.016932464914991018,0.03645056595973579
8064,0.018398724891035778,0.02675376463274744,0.9548475104762173
8065,0.9117791318645176,0.023817479641181773,0.06440338849430072
8066,0.922556785765752,0.019401556206611076,0.05804165802763719
8067,0.18260062813475617,0.07068318683189793,0.7467161850333464
8068,0.8711925203102802,0.044419667164395084,0.08438781252532415
8069,0.924706621570452,0.02414565225465346,0.051147726174894825
8070,0.9179710686513647,0.006278224041033985,0.0757507073076017
8071,0.9186740419331905,0.008705717115777367,0.07262024095103259
8072,0.9305142580386079,0.01603152150972292,0.053454220451669435
8073,0.951516908398815,0.0070531882632818765,0.04142990333790347
8074,0.7782260480682622,0.016900602315478436,0.20487334961625894
8075,0.9090289363212749,0.020255995004934305,0.07071506867379092
8076,0.9296553893647149,0.01928760718225208,0.051057003453033094
8077,0.07243361569969298,0.0745999755121921,0.8529664087881148
8078,0.29831393531538225,0.09884613186916179,0.602839932815456
8079,0.8913169429079086,0.013872481835524923,0.09481057525656654
8080,0.9624513169616365,0.009471991056351029,0.02807669198201241
8081,0.9618701966792091,0.010251535585143946,0.027878267735647208
8082,0.7930232342980672,0.03971263508478416,0.1672641306171481
8083,0.15587773065891264,0.15191738926779452,0.6922048800732927
8084,0.01337105148279232,0.0024357687232063187,0.9841931797940013
8085,0.9353861387281416,0.017844311006835617,0.04676955026502302
8086,0.03596792053223151,0.013105114002174652,0.9509269654655937
8087,0.8391341526852352,0.02380395950912107,0.13706188780564388
8088,0.5918294494480478,0.020787649802247513,0.38738290074970466
8089,0.4430826028966013,0.02514799679516028,0.5317694003082384
8090,0.005799999898193414,0.002409560736862778,0.9917904393649442
8091,0.9671263884061411,0.00649568010352018,0.026377931490338884
8092,0.017188389735444256,0.0024894761856281166,0.9803221340789275
8093,0.8616782452160118,0.03723578644372512,0.10108596834026305
8094,0.226322353844676,0.11350213974762892,0.6601755064076947
8095,0.5097493795387465,0.08430138850042569,0.40594923196082805
8096,0.5190403573999659,0.0307117556924156,0.4502478869076185
8097,0.35921121106695114,0.03824785537637657,0.6025409335566722
8098,0.780043721189728,0.043816873154372854,0.17613940565589922
8099,0.7943247078754042,0.01428605803817769,0.1913892340864176
8100,0.03268791541855009,0.0030656082047002013,0.9642464763767498
8101,0.6293470081831934,0.016871674942496525,0.3537813168743102
8102,0.521337102469432,0.03944047034069285,0.439222427189875
8103,0.5313459728341354,0.0882020241304366,0.380452003035428
8104,0.5356084949561766,0.05833083223023058,0.4060606728135928
8105,0.019815700799609263,0.004197194093294642,0.9759871051070961
8106,0.969904731524782,0.005975415864659447,0.024119852610559076
8107,0.02174138931456378,0.01728644409990609,0.9609721665855303
8108,0.8943851858004509,0.02276320884183419,0.08285160535771502
8109,0.7896603335018103,0.015146611397302629,0.19519305510088691
8110,0.958059957597046,0.01612420072679476,0.025815841676159614
8111,0.5134453049931288,0.15140906188736086,0.33514563311951034
8112,0.7229522606888812,0.027078636583241167,0.24996910272787767
8113,0.01292850410503964,0.03237290339510249,0.9546985924998582
8114,0.15781116197550385,0.054585859979402365,0.7876029780450936
8115,0.8981195352646699,0.018294529019816128,0.08358593571551433
8116,0.6793354332562263,0.04625344916128446,0.2744111175824896
8117,0.12180318961911711,0.029969831702046732,0.8482269786788359
8118,0.5636747994276218,0.1257255098549929,0.3105996907173855
8119,0.528829452168928,0.04891371467787865,0.4222568331531932
8120,0.9611674058175267,0.01275400766510068,0.026078586517372968
8121,0.5612523941882168,0.08765056854464288,0.3510970372671405
8122,0.94596124798392,0.006441830015707541,0.04759692200037311
8123,0.9690964480619063,0.007900513766842044,0.02300303817125197
8124,0.39763182928579593,0.06582079429183638,0.5365473764223677
8125,0.7996894153071392,0.018180279262541732,0.18213030543031908
8126,0.7545740307687986,0.023094674699887286,0.22233129453131403
8127,0.29921452087642775,0.03477864937445081,0.6660068297491214
8128,0.44739316420317493,0.10544408296664864,0.4471627528301765
8129,0.9552356120911384,0.013338081849895529,0.031426306058965965
8130,0.4636893572657067,0.08410602253511634,0.45220462019917657
8131,0.026864472432634005,0.034877036384055086,0.9382584911833111
8132,0.7069404988118267,0.07469928892426637,0.2183602122639068
8133,0.8478481902806149,0.03909350788704057,0.1130583018323446
8134,0.5618682037283068,0.0807907883665652,0.3573410079051281
8135,0.035448678232600436,0.010351598512017354,0.9541997232553824
8136,0.06603414760699305,0.09120646658432909,0.8427593858086779
8137,0.35857493192679074,0.013223666445399875,0.6282014016278094
8138,0.1638850105003414,0.0379404171791149,0.7981745723205436
8139,0.17399211732586384,0.027593735543134917,0.7984141471310011
8140,0.7587271942178014,0.022608783183623117,0.2186640225985759
8141,0.9685128640999492,0.006068548189479508,0.025418587710572028
8142,0.8790226800891713,0.0898179316450782,0.03115938826575069
8143,0.875221581092971,0.0950310441866918,0.029747374720337585
8144,0.37043993211256143,0.05214770788503789,0.5774123600024006
8145,0.902274741854146,0.011701279254674554,0.08602397889117941
8146,0.7472267613573617,0.01980006281089548,0.23297317583174318
8147,0.47912800942594724,0.06315498495525343,0.45771700561879924
8148,0.8991593819346031,0.015301529977560267,0.08553908808783685
8149,0.912982180280608,0.01569969916491609,0.07131812055447595
8150,0.9291210280803082,0.01656622537717033,0.05431274654252143
8151,0.2047202781294491,0.02727922382181906,0.7680004980487317
8152,0.9239314153442095,0.015053239984952794,0.06101534467083788
8153,0.913954756525938,0.018915664083963436,0.06712957939009888
8154,0.8991089000024116,0.02452269603641816,0.0763684039611702
8155,0.2200934407933848,0.08572414630109512,0.6941824129055201
8156,0.9612766493734813,0.007595668746630244,0.031127681879888763
8157,0.7987268258003986,0.03182656267622789,0.16944661152337345
8158,0.9651257517734794,0.009631527617103548,0.02524272060941727
8159,0.3717459373271017,0.04031763164940742,0.587936431023491
8160,0.6544932882669097,0.011424601218023992,0.3340821105150665
8161,0.9140218413366169,0.019442518723647453,0.06653563993973599
8162,0.32969977195996875,0.27511567358764455,0.3951845544523868
8163,0.2612828896294893,0.040860698094304024,0.697856412276207
8164,0.8851176226484675,0.02635013326203144,0.08853224408950082
8165,0.021790643037886803,0.0021982850323423037,0.9760110719297708
8166,0.6265929320547422,0.021287485921832883,0.3521195820234249
8167,0.43308417904650165,0.12694845867307433,0.4399673622804239
8168,0.7849033902313001,0.019481626472619216,0.19561498329608024
8169,0.7959126536522576,0.012701742865472359,0.19138560348226957
8170,0.5054477744049333,0.08390914392055156,0.41064308167451535
8171,0.20775298211436694,0.0304460844387199,0.7618009334469131
8172,0.02110778429858619,0.021793717638383447,0.9570984980630304
8173,0.7558888889051586,0.019022609066492113,0.22508850202834962
8174,0.9406875249592676,0.00718198346454376,0.05213049157618928
8175,0.9219212220369792,0.023831734935056192,0.054247043027965125
8176,0.7146199185495552,0.027655901009772575,0.2577241804406723
8177,0.26392145463759786,0.05431170357089847,0.6817668417915037
8178,0.581299888162562,0.07831859265365647,0.3403815191837816
8179,0.6340653914359528,0.027298328749834018,0.3386362798142135
8180,0.41880286585688475,0.11592662615703986,0.46527050798607567
8181,0.19481678707080094,0.035316045557957615,0.7698671673712413
8182,0.9590964586653316,0.006348290781243433,0.034555250553425315
8183,0.4402532955529719,0.09717993348903947,0.46256677095798865
8184,0.8073311541041587,0.03990376229776211,0.1527650835980796
8185,0.9627738229868098,0.010887721389147443,0.026338455624043126
8186,0.8073836230433818,0.03229026790082019,0.16032610905579833
8187,0.24036740193900968,0.18564259462870158,0.5739900034322887
8188,0.8809833709625906,0.005105129674857964,0.11391149936255146
8189,0.28211720042264493,0.11597096961478731,0.6019118299625682
8190,0.2533824284748845,0.22866574478935064,0.5179518267357649
8191,0.9240930902840032,0.013658061114735744,0.06224884860126077
8192,0.8857401321177201,0.014778701896175533,0.09948116598610444
8193,0.9459026723735229,0.008207824748355956,0.04588950287812164
8194,0.8852560025684486,0.03576169759968918,0.0789822998318619
8195,0.8834675882264346,0.007030239840839035,0.10950217193272668
8196,0.9254593028844169,0.012775848313926908,0.06176484880165576
8197,0.8503604342269035,0.012719066004684958,0.13692049976841097
8198,0.63979317259672,0.04687318553224066,0.3133336418710394
8199,0.9447076239991143,0.016577418309909397,0.038714957690976055
8200,0.9581790758821941,0.01278157590879901,0.029039348209007342
8201,0.21478600180540444,0.028366763135439507,0.7568472350591555
8202,0.307085655616636,0.03336892655565753,0.6595454178277064
8203,0.9214332536268328,0.013484223239999189,0.06508252313316819
8204,0.2465616222101572,0.06724030733056141,0.6861980704592816
8205,0.9280759872361667,0.009303509152442813,0.06262050361139114
8206,0.268466132006023,0.03249235040457206,0.699041517589405
8207,0.9416040608969957,0.011016217420415914,0.04737972168258898
8208,0.14496283851964153,0.03297206796729444,0.8220650935130639
8209,0.3131864132477126,0.04055893555558198,0.6462546511967054
8210,0.8549052014211257,0.004717767502220863,0.14037703107665336
8211,0.4574346406705219,0.05951665994024383,0.48304869938923417
8212,0.9580781728772639,0.008317668543501203,0.03360415857923535
8213,0.9568557127753311,0.009116947899254673,0.034027339325414616
8214,0.03373308040138011,0.02473043088206075,0.9415364887165595
8215,0.9508847357713582,0.016927435322301468,0.03218782890634054
8216,0.9363021202031548,0.009528716746828118,0.054169163050017205
8217,0.5953935280335411,0.03625330772549801,0.36835316424096104
8218,0.04512638920771512,0.03667337551980529,0.9182002352724794
8219,0.9244439579460034,0.017013975565427854,0.058542066488568786
8220,0.9263675390891956,0.012914679239726968,0.060717781671077636
8221,0.47826912173165387,0.046020904155152635,0.47570997411319343
8222,0.36234993350855255,0.016238730748595897,0.6214113357428513
8223,0.681077544224969,0.06516936500526725,0.2537530907697636
8224,0.6409645292360726,0.06201050496063875,0.2970249658032883
8225,0.165143366321602,0.06879817984470066,0.7660584538336973
8226,0.019637826147706667,0.006615936937963415,0.97374623691433
8227,0.9498716461159749,0.006518492424545596,0.043609861459479766
8228,0.8294164198957289,0.015761879756497697,0.15482170034777348
8229,0.28028617085596524,0.0519040791276899,0.6678097500163448
8230,0.5941142405425592,0.07599287161785186,0.32989288783958887
8231,0.7175599875868408,0.11033696851153564,0.17210304390162323
8232,0.4813391724893436,0.04112815316320315,0.47753267434745295
8233,0.10878684689069189,0.028908786584507098,0.8623043665248011
8234,0.968390191308766,0.006751107197464873,0.024858701493769314
8235,0.3048666756719039,0.04511725869553145,0.6500160656325648
8236,0.23124386950551673,0.04701603348719433,0.7217400970072888
8237,0.8072066791712458,0.03037919034528351,0.16241413048347045
8238,0.39068989755605293,0.031149279306562107,0.5781608231373851
8239,0.0937111811261288,0.06336532451374073,0.8429234943601305
8240,0.7821728456933663,0.045346968882952414,0.17248018542368135
8241,0.08851933192664402,0.029414789515643875,0.882065878557712
8242,0.7606670964074905,0.01950364368919564,0.21982925990331387
8243,0.5807302624840114,0.09796820263346438,0.32130153488252444
8244,0.9574946934753295,0.0060845258811553435,0.03642078064351596
8245,0.9275798188135066,0.016301117466437646,0.056119063720055436
8246,0.6585309084823008,0.04563150428711394,0.2958375872305856
8247,0.9571182698322293,0.01232512022015475,0.030556609947616352
8248,0.9712765272325341,0.007333256235711347,0.02139021653175477
8249,0.7859112084337022,0.01637542566384172,0.19771336590245622
8250,0.915461375359882,0.02277788185167237,0.061760742788445774
8251,0.7207395993469956,0.01793953100651613,0.26132086964648804
8252,0.6939000703859356,0.025601021230602903,0.28049890838346164
8253,0.8639704545634684,0.019960849100615557,0.11606869633591638
8254,0.8526541239571603,0.028262129351999708,0.11908374669083986
8255,0.5389454660030881,0.1198925788766573,0.34116195512025443
8256,0.6717931056425008,0.0694920475814861,0.25871484677601314
8257,0.908471930169196,0.03510213379939149,0.05642593603141236
8258,0.08583502973134113,0.03632321219085925,0.8778417580777993
8259,0.04913934496859267,0.04955997775120465,0.901300677280203
8260,0.9233150929935098,0.014780657551796467,0.06190424945469388
8261,0.8078923205060069,0.027592189836734046,0.16451548965725904
8262,0.7099008544053533,0.04714563990242804,0.24295350569221805
8263,0.8754624039909764,0.049103297759335154,0.07543429824968846
8264,0.801366923673813,0.006468801046886025,0.19216427527930116
8265,0.7554386846260899,0.0422162756907584,0.20234503968315168
8266,0.004980128600580942,0.0010333716400170996,0.993986499759402
8267,0.9154282343960812,0.01899225430947075,0.06557951129444778
8268,0.7905423000043644,0.03951836294462261,0.16993933705101288
8269,0.9362850951586614,0.008412245513002554,0.0553026593283363
8270,0.6394981342693608,0.03344935952813172,0.32705250620250753
8271,0.9081951216099469,0.03289231697195363,0.058912561418100064
8272,0.9612030377459602,0.005462813068110037,0.033334149185930737
8273,0.8285145274272618,0.02691100381716527,0.14457446875557303
8274,0.7534726198796368,0.03851513135446151,0.2080122487659012
8275,0.26073632663020785,0.08259610460375488,0.6566675687660375
8276,0.2760611540840654,0.03979813691275584,0.6841407090031788
8277,0.8826303516863957,0.015208595326095222,0.10216105298750894
8278,0.8150849717793486,0.04997836578203669,0.13493666243861482
8279,0.7609628298860954,0.00827581648641015,0.2307613536274946
8280,0.02691525982955677,0.04425615558921097,0.9288285845812322
8281,0.6326485425497042,0.08780217756855972,0.2795492798817363
8282,0.9534537576891016,0.0128763760945182,0.03366986621638052
8283,0.8821075211070893,0.016352825565420875,0.10153965332748993
8284,0.9082258526119079,0.015839382392768574,0.07593476499532338
8285,0.12494759167852512,0.03565487154905279,0.8393975367724219
8286,0.9676344460476564,0.008670098972381912,0.02369545497996198
8287,0.8240982123933136,0.01693038581296604,0.15897140179372043
8288,0.9603778531272563,0.006523498803072025,0.03309864806967235
8289,0.48661010931375775,0.03399228600543287,0.4793976046808092
8290,0.359291822452535,0.04667413654828095,0.5940340409991839
8291,0.45983375473811977,0.025499836487708507,0.5146664087741715
8292,0.7762494246558729,0.0252475520458086,0.19850302329831787
8293,0.8640617095741147,0.005242695682805263,0.13069559474308037
8294,0.9558249734160853,0.014196906210479223,0.029978120373435935
8295,0.9518472875742755,0.010807854016000859,0.03734485840972411
8296,0.6264808186790208,0.1135397698643982,0.2599794114565808
8297,0.9091935343266183,0.016405429945326604,0.07440103572805512
8298,0.9630837263040094,0.014305977068786977,0.022610296627203617
8299,0.886454413958204,0.022410976318210343,0.09113460972358571
8300,0.8999181168742704,0.019808356457377305,0.08027352666835204
8301,0.559431678482173,0.029584909846809785,0.41098341167101726
8302,0.2535072581283168,0.08337622375923538,0.6631165181124479
8303,0.9193916948064198,0.010459535626541278,0.07014876956703874
8304,0.012380194810561636,0.03179870837037831,0.9558210968190601
8305,0.8742236742780889,0.004765108334539513,0.12101121738737165
8306,0.8545626164088085,0.011064974275339756,0.13437240931585143
8307,0.09999728887458419,0.012129915362584833,0.8878727957628308
8308,0.8311571215050911,0.005289510970462379,0.1635533675244464
8309,0.17037866199828008,0.024713698184974556,0.8049076398167453
8310,0.8270958800239109,0.018252747977280773,0.1546513719988085
8311,0.9409586983918439,0.005878494890226912,0.05316280671792985
8312,0.8925209307049001,0.028998468131131272,0.07848060116396854
8313,0.9346151694536127,0.01631847803382161,0.049066352512565616
8314,0.9655948201720657,0.006875415428810297,0.027529764399124558
8315,0.8965297504795112,0.032379785994749145,0.0710904635257397
8316,0.9053853669888298,0.019879959112785,0.07473467389838519
8317,0.6275491405067933,0.07278282615050355,0.2996680333427031
8318,0.5395746967335796,0.07574092813225261,0.38468437513416787
8319,0.018911001964352185,0.03762455367648767,0.94346444435916
8320,0.916895214762084,0.01891994478248783,0.06418484045542841
8321,0.6658782432330319,0.04668994801534722,0.28743180875162033
8322,0.5041400824201778,0.07654881985796115,0.41931109772186087
8323,0.01613088666404211,0.00914985476477995,0.9747192585711781
8324,0.0781805223009143,0.018284292435148588,0.903535185263937
8325,0.9685517876535112,0.009336647501636043,0.02211156484485303
8326,0.9617979152051355,0.005924436657965071,0.03227764813690015
8327,0.9318923554703215,0.017086002442726806,0.05102164208695162
8328,0.09393941622372642,0.0032489513306223064,0.9028116324456509
8329,0.9430654570996034,0.017302930503654997,0.03963161239674209
8330,0.33599579384080763,0.05947732177382158,0.604526884385371
8331,0.8970510690975353,0.009736991017436455,0.09321193988502842
8332,0.425335113166683,0.14649786135789325,0.4281670254754238
8333,0.8397717206744097,0.008611919383827882,0.15161635994176278
8334,0.7729090979859545,0.034925947193937525,0.19216495482010784
8335,0.9295444242865536,0.013189443384185076,0.0572661323292609
8336,0.42965981158477473,0.054019060072810404,0.5163211283424152
8337,0.5408955647465561,0.025837894746235525,0.43326654050720853
8338,0.9375731819207941,0.00806966945347044,0.0543571486257357
8339,0.40107560356421773,0.08045888243872738,0.5184655139970548
8340,0.9047943523624485,0.010985597146330253,0.08422005049122114
8341,0.9172113731055739,0.022321121465133348,0.06046750542929324
8342,0.9553547995942153,0.012430634163111893,0.03221456624267285
8343,0.7660060768212262,0.006873004180668674,0.22712091899810508
8344,0.06941188936372687,0.06182639790985856,0.8687617127264147
8345,0.956959369835507,0.00960848231928264,0.03343214784521067
8346,0.4904154032578276,0.04329048361122554,0.46629411313094676
8347,0.44790681682719047,0.08256866523379758,0.469524517939012
8348,0.5174611526304903,0.09675834681242909,0.3857805005570806
8349,0.9099813433107681,0.007375961176426739,0.0826426955128053
8350,0.7330406403853136,0.01292586261386573,0.254033497000821
8351,0.550804028066796,0.026297032123897942,0.4228989398093062
8352,0.868517129185704,0.005518527818604141,0.12596434299569156
8353,0.12229193385622199,0.012598594041363395,0.8651094721024145
8354,0.019037361140650712,0.032580003625197355,0.9483826352341521
8355,0.973925697476281,0.0061062793531578095,0.01996802317056197
8356,0.5082686874925036,0.02234774683125125,0.4693835656762451
8357,0.2177955549102585,0.03927536483906571,0.7429290802506757
8358,0.0350634856338354,0.08131491734348585,0.8836215970226787
8359,0.9631433960174437,0.009282055428412922,0.027574548554143805
8360,0.9174067926196748,0.022793983454817777,0.05979922392550784
8361,0.5170993321471328,0.01812454176080352,0.46477612609206376
8362,0.8524647204411284,0.033638121809923184,0.11389715774894829
8363,0.44334449413567406,0.01970038734144048,0.5369551185228855
8364,0.9178026942911742,0.024816418280745833,0.05738088742808014
8365,0.7298271307070894,0.009156543577028562,0.26101632571588224
8366,0.7074655215900388,0.018910689083240107,0.27362378932672127
8367,0.6737079033558422,0.02911607498021278,0.297176021663945
8368,0.9532847749712471,0.013216206663591015,0.03349901836516231
8369,0.421811357138638,0.015550353438820087,0.5626382894225417
8370,0.7916061413105314,0.0134328881286977,0.19496097056077116
8371,0.7455670014055142,0.017409665664205057,0.23702333293028094
8372,0.018211708294778303,0.0030111655934112304,0.9787771261118106
8373,0.0516706612652933,0.036738914696539976,0.9115904240381667
8374,0.26792757715636295,0.02284157749941287,0.7092308453442242
8375,0.9573965188849493,0.00725581283336768,0.03534766828168359
8376,0.21728260950202846,0.04684043140980312,0.7358769590881682
8377,0.5315233928891968,0.10386404124616382,0.36461256586463947
8378,0.8983573401875251,0.015043837264350672,0.0865988225481239
8379,0.9293084423262263,0.0076514476189825245,0.06304011005479115
8380,0.7761920326706372,0.01600684569029916,0.20780112163906359
8381,0.9303949066080561,0.03419162662882967,0.0354134667631143
8382,0.8446192475006358,0.005325374977043956,0.15005537752231998
8383,0.9488692015795444,0.004775107758241523,0.04635569066221448
8384,0.9664983006103377,0.0064150393150896505,0.027086660074573127
8385,0.151837356303694,0.08206507417690061,0.7660975695194053
8386,0.34373538459778796,0.044572112198003964,0.6116925032042082
8387,0.9674974888719754,0.006953710769146208,0.025548800358878968
8388,0.6610984593578214,0.01759973892146793,0.3213018017207105
8389,0.5596181917306435,0.07802700685666446,0.362354801412692
8390,0.09956120417445258,0.03749459884329918,0.8629441969822481
8391,0.7163331505026974,0.022346843477724747,0.26132000601957744
8392,0.8925547356290812,0.03028545955010164,0.07715980482081744
8393,0.9417904738687216,0.015523160588738266,0.04268636554254021
8394,0.485027629347559,0.09442168179033135,0.4205506888621097
8395,0.3298453948838374,0.03018530191761966,0.6399693031985428
8396,0.8798186455396738,0.013339854591810444,0.10684149986851585
8397,0.9657986112418594,0.0065873575671656194,0.027614031190975396
8398,0.9553585770932924,0.008212781143968383,0.036428641762739127
8399,0.8243050149783541,0.027644247683816445,0.14805073733782922
8400,0.05311659494355963,0.03683071111307369,0.9100526939433669
8401,0.41285568324692623,0.13829954688864887,0.4488447698644248
8402,0.19238539854281747,0.07301888482409946,0.7345957166330828
8403,0.059612631025260765,0.11173264267693557,0.8286547262978039
8404,0.7426382210330709,0.017194429020137545,0.24016734994679165
8405,0.17551899216181818,0.02264637018777449,0.8018346376504074
8406,0.8282849813626053,0.01134389949306641,0.16037111914432775
8407,0.9401215118412536,0.010583550546586062,0.0492949376121608
8408,0.6707919637842072,0.0195042546441289,0.3097037815716638
8409,0.05191292933246263,0.013989918660139832,0.9340971520073974
8410,0.39853928784204756,0.13204409886799778,0.4694166132899546
8411,0.8769341649978575,0.024601349624954125,0.09846448537718785
8412,0.23843860482836013,0.042983916465961225,0.7185774787056787
8413,0.016317300850957308,0.018715745768291405,0.9649669533807516
8414,0.9464912269324105,0.00970626273864185,0.04380251032894778
8415,0.8415278446282268,0.02865497437198563,0.12981718099978734
8416,0.9054322095301556,0.01793150906557733,0.07663628140426693
8417,0.4158674231095593,0.02597251714108493,0.5581600597493557
8418,0.7730403646329285,0.020102520145282507,0.20685711522178896
8419,0.09981818981894729,0.04168878068808304,0.8584930294929695
8420,0.6538557010082408,0.011672822173433238,0.33447147681832623
8421,0.23170490139561967,0.08094929809740167,0.6873458005069787
8422,0.9138208932787643,0.006292426149142311,0.079886680572094
8423,0.7887642137408253,0.020058463924450046,0.19117732233472506
8424,0.6265127037652838,0.08047611659630005,0.2930111796384162
8425,0.7969935359523466,0.026024152101163763,0.17698231194648958
8426,0.07437365300681907,0.1399652262762427,0.7856611207169382
8427,0.3861978314561236,0.1088471306936478,0.5049550378502288
8428,0.9593660613613814,0.006537954804939539,0.03409598383367992
8429,0.9662597132510187,0.008423077461330513,0.025317209287651375
8430,0.8381211195249916,0.07516336565076451,0.08671551482424324
8431,0.30562638890241073,0.04886566262291553,0.6455079484746737
8432,0.49511679817600973,0.10352410717947175,0.4013590946445183
8433,0.7382573443714274,0.038330274128938815,0.22341238149963402
8434,0.08390056534586404,0.05951793978876327,0.8565814948653728
8435,0.9126209912326307,0.014029276860607096,0.07334973190676192
8436,0.7545411022033043,0.028029370356977137,0.21742952743971866
8437,0.042926900507400056,0.02661704317184904,0.930456056320751
8438,0.9341363538327109,0.025640175806364286,0.04022347036092489
8439,0.5120512312475399,0.06356668768529908,0.42438208106716124
8440,0.7772151801467208,0.06197851068322009,0.16080630917005898
8441,0.4674404139512552,0.051548727562491854,0.48101085848625263
8442,0.9433078621089066,0.014824001469809405,0.04186813642128414
8443,0.9356378888359089,0.006702687100003085,0.057659424064088007
8444,0.9205861444631237,0.02753253249359641,0.05188132304327999
8445,0.9727153262909614,0.00871255916796993,0.018572114541069117
8446,0.8471374087866521,0.01721735514388183,0.135645236069466
8447,0.0954130253584425,0.08197833490657588,0.8226086397349814
8448,0.9357568271865185,0.008399189428811859,0.055843983384669366
8449,0.3872255836932045,0.1059071762046044,0.5068672401021913
8450,0.6939897917669718,0.04882363336999815,0.25718657486303
8451,0.9341152400814831,0.011740364905193274,0.05414439501332389
8452,0.9711267537448174,0.006444458103679313,0.02242878815150364
8453,0.7814773325996934,0.020374812941549216,0.1981478544587573
8454,0.6100461432275754,0.03769995601474674,0.3522539007576774
8455,0.2712385073881198,0.017942282058223437,0.7108192105536568
8456,0.5622076498690011,0.02038393285479862,0.41740841727620026
8457,0.906716123612365,0.015862929986002906,0.07742094640163197
8458,0.5287386037633743,0.1481261331328413,0.32313526310378415
8459,0.9390519588474308,0.012556075365952041,0.0483919657866172
8460,0.9366984628613344,0.02194937123787675,0.041352165900789176
8461,0.1156433812199899,0.07836187753098817,0.8059947412490216
8462,0.9483084239637856,0.009187063927000068,0.04250451210921495
8463,0.4628227142481785,0.039176454945724984,0.49800083080609653
8464,0.8766925283510458,0.01572092467117395,0.1075865469777802
8465,0.38578085028354936,0.017657965625622128,0.5965611840908284
8466,0.7881411028099253,0.02758520678724326,0.1842736904028312
8467,0.9648172746557397,0.006712262348755695,0.028470462995504976
8468,0.3410266351524706,0.08794747205188821,0.5710258927956411
8469,0.13735310765512704,0.03961392379075305,0.8230329685541198
8470,0.6536053366150476,0.04797050241984062,0.29842416096511165
8471,0.9529343053844853,0.012243855010785109,0.03482183960472985
8472,0.8185642589664051,0.02039263557955274,0.16104310545404213
8473,0.9448938593320526,0.018870256043680467,0.03623588462426737
8474,0.8174323335495102,0.05578943334029385,0.1267782331101954
8475,0.18156072423323905,0.0497426534917215,0.7686966222750398
8476,0.9537736875679421,0.010626176021835217,0.03560013641022321
8477,0.5375831793884269,0.07205358076192118,0.39036323984965177
8478,0.8109639515427519,0.042695418519068454,0.14634062993817948
8479,0.9221284859210818,0.01216128065594113,0.06571023342297781
8480,0.9200257176864094,0.020102133726750595,0.05987214858684036
8481,0.9664835989767979,0.010495171236381808,0.023021229786820623
8482,0.2478874412053394,0.030228076837115304,0.7218844819575455
8483,0.14608610035319025,0.05327663126805432,0.8006372683787554
8484,0.860266694831979,0.013232261945371545,0.12650104322264932
8485,0.9625827395466916,0.007163181454073535,0.03025407899923491
8486,0.09947167447261739,0.02942774576854214,0.8711005797588403
8487,0.7704827021302305,0.022485093720369283,0.2070322041494004
8488,0.9549892485872973,0.008199829949835737,0.036810921462867234
8489,0.4970809759895753,0.08316681614286305,0.4197522078675617
8490,0.12294858185070509,0.03102321599008345,0.846028202159211
8491,0.21549385726410517,0.034598198756383515,0.7499079439795111
8492,0.7380169029268812,0.02810050357887854,0.23388259349424037
8493,0.754170733876658,0.01630915016659602,0.22952011595674643
8494,0.7303166749861583,0.027002452124513184,0.24268087288932846
8495,0.9218995564932391,0.027550007070136887,0.05055043643662391
8496,0.8244071920290751,0.024748214615811205,0.15084459335511366
8497,0.9108895194160914,0.009045978086237258,0.08006450249767169
8498,0.15908975212677887,0.020941964137428305,0.8199682837357928
8499,0.9146392037548859,0.009981836563224848,0.07537895968188887
8500,0.7782249241327153,0.041124122330288275,0.18065095353699637
8501,0.6574710389537057,0.02135422641526652,0.32117473463102764
8502,0.09080032419110956,0.009788984659289795,0.8994106911496006
8503,0.8507060984599323,0.01668679675191096,0.13260710478815657
8504,0.0860070683857938,0.01365062105335794,0.9003423105608482
8505,0.9568706889903376,0.008610980961630788,0.034518330048031856
8506,0.9537529366462845,0.005882609203623774,0.040364454150092384
8507,0.8938411841735014,0.010316731192329178,0.09584208463416953
8508,0.8074868018379464,0.023416199467699246,0.16909699869435407
8509,0.9288512878732026,0.013714423989568503,0.05743428813722916
8510,0.6789127324194549,0.10799038568120492,0.2130968818993404
8511,0.8489890451834826,0.021266301705000355,0.12974465311151698
8512,0.056965956998229476,0.01551445920781525,0.927519583793955
8513,0.3859098954053606,0.07426988549046873,0.5398202191041708
8514,0.12313697108648483,0.020998513122514665,0.8558645157910001
8515,0.9108615640791398,0.012590645810170295,0.07654779011068975
8516,0.14971734949905502,0.0551439923244872,0.7951386581764577
8517,0.5560299067800225,0.044484656990785416,0.3994854362291922
8518,0.5701431351782964,0.07472473628613238,0.3551321285355712
8519,0.4204458109703107,0.04303693881827678,0.5365172502114126
8520,0.9666765608719805,0.008506159035723134,0.02481728009229657
8521,0.8760301603735078,0.008280719145570093,0.11568912048092252
8522,0.7795564163922829,0.05849705460989483,0.16194652899782214
8523,0.13817447688831272,0.015446688087100254,0.846378835024587
8524,0.9124324601489059,0.034114477905317714,0.05345306194577617
8525,0.378039218759557,0.02061967592108881,0.6013411053193539
8526,0.9684371117107156,0.005044857590607816,0.02651803069867723
